      0/99     13.6G   0.06649   0.01674   0.06547    0.1487        43       640 0.0004154   0.03774 0.0009206 0.0003957    0.0565   0.01207   0.04615
      1/99     13.3G   0.05459   0.01419   0.06362    0.1324        34       640  0.003774  0.009434  0.002373 0.0007118   0.04355   0.00849   0.04469
      2/99     11.7G   0.04801   0.01337   0.06295    0.1243        48       640  0.005838   0.09434   0.01345  0.004615   0.03036  0.007605   0.04547
      3/99     13.1G   0.04189   0.01318   0.06058    0.1156        35       640    0.5224    0.1582   0.09039   0.06709   0.02368  0.006118   0.04544
      4/99     13.1G   0.04037   0.01184   0.05972    0.1119        44       640    0.2819    0.1132   0.08462   0.04571    0.0332  0.005897   0.04519
      5/99     13.1G   0.04011   0.01113    0.0566    0.1078        56       640    0.1141    0.1604   0.08778   0.05765   0.02814   0.00505   0.04493
      6/99     13.1G   0.03511   0.01168   0.05154   0.09833        41       640  0.009135    0.4151   0.02585   0.01239   0.02915  0.006784    0.0444
      7/99     13.1G   0.04344   0.01104   0.05456     0.109        61       640    0.7652    0.0566   0.03304    0.0119   0.04355  0.005718   0.04396
      8/99     13.1G   0.03601   0.01141   0.04888   0.09629        60       640  0.006289   0.01887  0.009418  0.004709   0.04527  0.005451   0.04406
      9/99     13.1G   0.04283   0.01123   0.05677    0.1108        57       640         0         0         0         0   0.04627  0.006473   0.04386
     10/99     13.1G   0.04706   0.01148   0.05905    0.1176        42       640         0         0         0         0   0.05239  0.006422   0.04431
     11/99     13.1G   0.04334    0.0115   0.05667    0.1115        52       640  0.003746   0.06604    0.0243  0.005494   0.04095  0.005658    0.0457
     12/99     13.1G   0.03984   0.01131    0.0519     0.103        57       640  0.004484   0.09434  0.004843  0.002455   0.04563   0.00637   0.04413
     13/99     13.1G   0.04291   0.01142   0.05258    0.1069        61       640    0.8726   0.01884   0.00597  0.002106   0.04716  0.008347   0.05405
     14/99     13.1G   0.04541   0.01096   0.05476    0.1111        42       640    0.5856  0.009434 0.0008169 0.0002229   0.05829   0.05433    0.1223
     15/99     13.1G   0.04788   0.01084   0.05513    0.1138        38       640  0.000265   0.06918 0.0003222 4.155e-05    0.0521   0.01952    0.2195
     16/99     13.1G   0.03847   0.01098   0.05032   0.09977        50       640  0.002203   0.08491  0.002882 0.0005788   0.04419  0.007787   0.05169
     17/99     13.1G    0.0445   0.01126    0.0526    0.1084        43       640  0.009434   0.01887   0.01882  0.007528   0.04214  0.005629   0.04372
     18/99     13.1G   0.04087   0.01102   0.05142    0.1033        45       640 0.0004965   0.01887  0.001343 0.0002687   0.05203  0.007642    0.0561
     19/99     13.1G   0.04799   0.01132   0.05477    0.1141        53       640  0.001265   0.03774   0.01096   0.00188   0.05225  0.007492    0.0691
     20/99     13.1G   0.03966    0.0113   0.04985    0.1008        61       640   0.01587    0.0566   0.03137   0.01913   0.04109  0.005317   0.04767
     21/99     13.1G   0.03603   0.01082   0.04756   0.09441        40       640   0.01787    0.2767   0.05594   0.03203   0.04231  0.005452    0.0438
     22/99     13.1G   0.04145   0.01076    0.0504    0.1026        38       640   0.01049    0.5094   0.07025   0.04018   0.03859  0.004762   0.04361
     23/99     13.1G   0.04202   0.01037   0.05041    0.1028        37       640         0         0         0         0   0.05109   0.00753   0.05462
     24/99     13.1G   0.03881    0.0115   0.04897   0.09929        50       640  0.006132   0.03774   0.01004  0.006528   0.04169  0.006434   0.04357
     25/99     13.1G   0.03773   0.01064    0.0495   0.09787        46       640   0.01624    0.4874   0.06471   0.04135   0.03341  0.005805   0.07333
     26/99     13.1G   0.03674   0.01065   0.04924   0.09663        38       640    0.0131    0.2484   0.04411   0.02046   0.04045  0.005907    0.1262
     27/99     13.1G   0.03756   0.01086   0.04881   0.09724        34       640  0.006986     0.327   0.03296   0.01774   0.03649  0.006941   0.04441
     28/99     13.1G   0.03771   0.01079   0.04681   0.09531        56       640   0.01501    0.6415   0.07121   0.03696   0.03136  0.005781   0.04276
     29/99     13.1G   0.03629   0.01144   0.04589   0.09361        41       640   0.01448    0.1792   0.02302   0.01266   0.03878  0.006197   0.04396
     30/99     13.1G   0.03858   0.01126   0.04976   0.09959        52       640   0.01496    0.5943   0.06571   0.04132   0.04094  0.005669   0.04301
     31/99     13.1G   0.03901   0.01098   0.04942   0.09942        46       640    0.0149    0.4434   0.07254   0.04034   0.03835  0.005667   0.04334
     32/99     13.1G   0.03172   0.01083   0.04592   0.08848        52       640    0.4018   0.06289   0.07661   0.05884   0.03415  0.005448   0.04292
     33/99     13.1G   0.03739   0.01093    0.0478   0.09612        44       640  0.008443    0.1069   0.01912  0.004788   0.04798  0.006288   0.09041
     34/99     13.1G   0.03682   0.01081   0.04818   0.09581        44       640  0.007064    0.1258   0.01201  0.004227   0.05674   0.02711     2.225
     35/99     13.1G   0.03985   0.01163    0.0499    0.1014        45       640  0.008391    0.4434   0.03043   0.01395    0.0456  0.008569    0.3415
     36/99     13.1G   0.03342   0.01049   0.04548   0.08939        49       640    0.0138    0.3836   0.04134   0.01757   0.04042  0.006114    0.1571
     37/99     13.1G   0.03967   0.01148   0.04957    0.1007        48       640    0.2831    0.1842   0.07825   0.03514   0.03654  0.005193   0.04438
     38/99     13.1G   0.03494   0.01132   0.04664    0.0929        45       640   0.02097    0.3553   0.06877   0.02588   0.03805  0.005762   0.04274
     39/99     13.1G   0.03622   0.01177   0.04706   0.09505        44       640    0.4506   0.08491   0.06473    0.0179   0.04604  0.007106   0.04295
     40/99     13.1G   0.03902     0.011   0.04836   0.09838        35       640    0.2591    0.2565   0.06491   0.03465   0.03571   0.00563   0.04271
     41/99     13.1G   0.03325   0.01073   0.04572   0.08969        34       640    0.2273    0.3696     0.084   0.04898   0.03397  0.005122   0.04247
     42/99     13.1G   0.02956   0.01083    0.0448   0.08519        46       640     0.324    0.2403   0.09201   0.06974   0.03074  0.005346   0.04232
     43/99     13.1G   0.03341   0.01083   0.04671   0.09095        35       640     0.241    0.3962    0.0838   0.05902   0.03108  0.005013   0.04221
     44/99     13.1G   0.03494   0.01135   0.04718   0.09347        61       640    0.1415    0.5234   0.09323   0.05866   0.03093  0.005235   0.04212
     45/99     13.1G   0.03566   0.01107   0.04608   0.09281        40       640    0.5192    0.1794    0.1212   0.07276   0.03311  0.004913   0.04197
     46/99     13.1G   0.03989   0.01079   0.04942    0.1001        39       640    0.2512    0.4654    0.1162   0.08523   0.03249  0.004902   0.04181
     47/99     13.1G   0.03421   0.01104     0.046   0.09125        52       640      0.55    0.1792    0.1115   0.07092     0.031  0.004562   0.04174
     48/99     13.1G   0.03207    0.0115   0.04582   0.08939        41       640    0.4343    0.3333    0.1397   0.08832   0.02942  0.004692   0.04166
     49/99     13.1G   0.03447   0.01061   0.04719   0.09226        70       640    0.6127    0.1323    0.1153   0.06964   0.03039  0.004403   0.04164
     50/99     13.1G   0.02934   0.01112   0.04435   0.08481        48       640    0.4305    0.2541    0.1286   0.08348   0.02974  0.004781   0.04167
     51/99     13.1G   0.03157   0.01142    0.0454   0.08839        58       640    0.4303    0.2579    0.1269   0.08537   0.03058  0.004941   0.04172
     52/99     13.1G   0.03082   0.01094   0.04556   0.08733        51       640    0.4354    0.3262      0.15   0.09179   0.03105  0.004646    0.0417
     53/99     13.1G   0.03578   0.01134   0.04661   0.09373        40       640    0.5773    0.2054    0.1747    0.1033   0.02951  0.004854   0.04167
     54/99     13.1G   0.03177    0.0109   0.04525   0.08791        42       640    0.5694    0.1362    0.1428   0.08917   0.03131  0.004578   0.04165
     55/99     13.1G   0.03238   0.01066   0.04554   0.08859        39       640    0.3359    0.3711    0.1417   0.08474   0.02935  0.004544   0.04157
     56/99     13.1G   0.03511   0.01143   0.04675   0.09328        59       640     0.484    0.3095     0.174    0.1169   0.02784  0.004658   0.04161
     57/99     13.1G   0.03105   0.01147   0.04587   0.08839        36       640    0.4567    0.3512     0.175    0.1113   0.03026  0.004593   0.04159
     58/99     13.1G   0.03472   0.01073   0.04612   0.09157        41       640    0.3678    0.4654     0.173    0.1061   0.03115  0.004399   0.04167
     59/99     13.1G   0.03332   0.01058   0.04681   0.09071        51       640    0.2969    0.5566    0.1457     0.102   0.02822   0.00437   0.04161
     60/99     13.1G   0.03155   0.01079   0.04486    0.0872        43       640    0.4235      0.39    0.1867    0.1322   0.02811  0.004479   0.04154
     61/99     13.1G   0.03344   0.01109    0.0453   0.08983        49       640    0.3963    0.4148    0.1824     0.111   0.03001  0.004291   0.04156
     62/99     13.1G   0.03306   0.01079   0.04669   0.09055        40       640    0.2544    0.5755    0.1872    0.1351   0.02788  0.004459   0.04145
     63/99     13.1G   0.03312   0.01104   0.04708   0.09124        48       640    0.4867    0.2453    0.1469   0.09282   0.02968  0.004197   0.04142
     64/99     13.1G   0.03853   0.01087   0.04889   0.09828        44       640    0.3911    0.4277    0.1604    0.1065   0.02834  0.004464   0.04141
     65/99     13.1G   0.03305   0.01099   0.04663   0.09067        57       640    0.3684    0.4048    0.1808    0.1055   0.02853  0.004387   0.04128
     66/99     13.1G   0.02861    0.0109    0.0444   0.08391        44       640     0.371    0.4906    0.1794    0.1165   0.02906   0.00455   0.04135
     67/99     13.1G   0.02889   0.01062   0.04399   0.08349        43       640    0.3535    0.5123    0.1611    0.1031   0.02916  0.004568   0.04124
     68/99     13.1G   0.03458   0.01046    0.0462   0.09124        43       640    0.3794    0.5024    0.1584    0.1194    0.0271  0.004267   0.04113
     69/99     13.1G   0.03163   0.01091   0.04479   0.08733        49       640    0.4015    0.5283    0.2096    0.1462   0.02936  0.004221   0.04113
     70/99     13.1G   0.03065   0.01094   0.04373   0.08532        41       640     0.354    0.5849    0.1912    0.1423   0.02886  0.004597   0.04107
     71/99     13.1G    0.0323   0.01093   0.04625   0.08948        51       640     0.402    0.4573    0.1811    0.1368    0.0279  0.004148   0.04096
     72/99     13.1G   0.03478   0.01087    0.0476   0.09325        54       640    0.4249    0.4427    0.2301     0.179   0.02591  0.004277   0.04086
     73/99     13.1G   0.03127   0.01081   0.04558   0.08766        45       640    0.3869    0.5094    0.2348    0.1804   0.02659   0.00421   0.04075
     74/99     13.1G   0.03551   0.01064   0.04755   0.09369        40       640    0.3815    0.5124    0.1896    0.1365   0.02777  0.004026   0.04075
     75/99     13.1G   0.02711   0.01078   0.04371    0.0816        34       640    0.4199    0.4945     0.215    0.1602   0.02942  0.003981   0.04074
     76/99     13.1G   0.03592   0.01138   0.04744   0.09473        49       640    0.4592    0.4095    0.2102    0.1432   0.02741  0.004249   0.04076
     77/99     13.1G   0.03528   0.01056   0.04647   0.09231        47       640    0.3786    0.5094      0.21    0.1598     0.027  0.004079   0.04079
     78/99     13.1G    0.0271   0.01072   0.04295   0.08078        47       640    0.3679     0.518    0.2121    0.1573   0.02732  0.004081   0.04075
     79/99     13.1G   0.03342   0.01107   0.04598   0.09047        41       640    0.3453    0.5584    0.2225    0.1649   0.02798  0.004138   0.04075
     80/99     13.1G    0.0339   0.01117    0.0461   0.09117        52       640     0.251     0.651    0.2411    0.1903   0.02719  0.004169   0.04071
     81/99     13.1G   0.03282   0.01099   0.04562   0.08943        37       640    0.3731    0.5546     0.246     0.189   0.02731  0.004085   0.04064
     82/99     13.1G   0.03445   0.01115   0.04656   0.09215        39       640    0.3491    0.5682    0.2585    0.1905   0.02776  0.004156   0.04068
     83/99     13.1G   0.03061   0.01041   0.04616   0.08718        49       640    0.2445    0.6981    0.2357    0.1586   0.02747  0.004091   0.04073
     84/99     13.1G   0.02736   0.01035   0.04341   0.08113        37       640    0.4257    0.4861    0.2558    0.1811   0.02778  0.003902    0.0407
     85/99     13.1G   0.03573   0.01045   0.04609   0.09227        39       640    0.3588       0.5    0.2178    0.1541   0.02788  0.003816   0.04073
     86/99     13.1G   0.03228   0.01048   0.04573   0.08849        50       640    0.1359     0.783    0.2358    0.1789   0.02643  0.003822   0.04062
     87/99     13.1G   0.02626   0.01066    0.0441   0.08102        48       640    0.2648    0.6321    0.2284    0.1698   0.02832  0.003887    0.0406
     88/99     13.1G    0.0284   0.01066   0.04419   0.08326        51       640    0.3206    0.5689    0.2269    0.1638   0.02768  0.003946   0.04045
     89/99     13.1G   0.03438   0.01076   0.04703   0.09218        38       640    0.2805    0.6531    0.2699    0.1908   0.02753  0.003809   0.04041
     90/99     13.1G   0.03736   0.01077   0.04803   0.09616        39       640    0.2722    0.6891     0.258     0.183   0.02742  0.003994   0.04044
     91/99     13.1G   0.02783   0.01047   0.04286   0.08116        39       640    0.2768    0.6762    0.2513    0.1839     0.026  0.003971   0.04038
     92/99     13.1G   0.03394   0.01073   0.04615   0.09082        41       640    0.3265    0.5943    0.2477    0.1722   0.02651  0.003883   0.04044
     93/99     13.1G   0.02934   0.01072   0.04331   0.08337        35       640    0.7027     0.214    0.2446    0.1656   0.02708  0.003848   0.04036
     94/99     13.1G   0.02415   0.01088   0.04182   0.07685        58       640    0.7242    0.2101     0.256    0.1904   0.02698  0.003906   0.04032
     95/99     13.1G   0.02769   0.01079   0.04284   0.08131        48       640    0.3241    0.5943    0.2691    0.1978   0.02641  0.003916   0.04024
     96/99     13.1G   0.02534   0.01066   0.04238   0.07839        33       640    0.3629    0.5425    0.2323    0.1638     0.026  0.003857   0.04013
     97/99     13.1G   0.02653   0.01089   0.04285   0.08028        51       640    0.6579    0.2608     0.262     0.175    0.0277  0.003865   0.04019
     98/99     13.1G   0.02998    0.0107   0.04458   0.08526        40       640    0.3845    0.5479    0.2404    0.1562   0.02724  0.003936   0.04012
     99/99     13.1G   0.03114   0.01062   0.04606   0.08782        48       640    0.3631    0.5114    0.2546    0.1808     0.026   0.00407   0.04003
